19,218
19,217
19,216
19,215
19,214
19,213
19,212
19,105
19,211
17,76
17,75
17,74
17,73
17,72
17,71
17,67
17,66
17,65
17,64
17,191
17,190
17,189
17,188
17,187
17,186
17,185
17,184
17,183
17,182
17,181
17,180
17,179
17,178
17,177
19,210
19,209
19,208
19,77
19,76
19,75
19,74
19,73
19,72
19,71
19,70
19,69
19,68
19,67
19,66
19,65
19,64
19,41
19,40
19,39
19,38
19,37
19,35
19,34
19,33
19,32
19,31
19,27
19,24
19,21
19,20
19,19
19,18
19,17
19,16
19,14
19,13
19,12
19,8
19,7
19,6
19,5
19,4
19,3
19,2
19,1
19,0
18,13
18,12
18,11
18,10
18,9
18,8
18,7
18,6
18,5
18,4
18,3
18,2
18,1
18,0
17,320
17,176
17,175
17,174
17,173
17,172
17,171
17,170
17,169
17,168
17,167
17,166
17,165
17,164
17,163
17,162
17,161
17,160
17,159
17,158
17,157
17,156
17,155
17,154
17,153
17,152
17,151
17,150
17,149
17,148
17,147
17,146
17,145
17,144
17,143
17,142
17,141
17,140
17,139
17,138
17,137
17,136
17,135
17,134
17,133
17,132
17,131
17,130
17,129
17,128
17,99
17,98
17,97
17,96
17,95
17,94
17,93
17,92
17,91
17,90
17,89
17,88
17,87
17,86
17,85
17,84
17,83
17,82
17,81
17,80
17,79
17,78
17,77
17,70
17,69
17,68
17,17
17,8
17,7
17,5
17,4
17,3
17,2
17,1
17,0
16,4
16,3
16,2
16,1
16,0
15,8
15,7
15,6
15,5
15,4
15,3
15,2
15,1
15,0
14,5
14,4
14,3
14,2
14,1
14,0
13,4
13,3
13,2
13,1
13,0
12,5
12,4
12,3
12,2
12,1
12,0
11,5
11,4
11,3
11,2
11,1
11,0
10,5
10,4
10,3
10,2
10,1
10,0
9,5
9,4
9,3
9,2
9,1
9,0
8,6
8,5
8,4
8,3
8,2
8,1
8,0
7,3
5,5
5,4
5,3
5,2
5,0
4,3
3,2
2,2
1,2
0,9
19,78
19,79
19,81
19,82
19,84
19,85
19,87
19,89
19,90
19,92
19,93
19,95
19,97
19,98
19,100
19,101
19,103
19,104
19,107
19,109
19,110
19,112
19,113
19,115
19,117
19,118
19,120
19,121
19,123
19,124
19,126
19,128
19,129
19,131
19,132
19,134
19,136
19,137
19,139
19,140
19,142
19,143
19,145
19,147
19,148
19,150
19,151
19,153
19,155
19,156
19,158
19,159
19,161
19,163
19,164
19,166
19,167
19,169
19,170
19,172
19,174
19,175
19,177
19,178
19,180
19,182
19,183
19,185
19,186
19,188
19,189
19,191
19,193
19,194
19,196
19,197
19,201
19,202
19,204
19,205
19,207
20,0
20,2
21,0
21,1
21,3
21,4
23,0
23,2
23,3
24,1
24,2
24,4
24,6
24,7
24,9
24,10
24,12
26,0
26,2
27,0
27,1
27,3
27,4
27,2
26,3
26,1
24,11
24,8
24,5
24,3
24,0
23,1
21,5
21,2
20,3
20,1
19,206
19,203
19,195
19,192
19,190
19,187
19,184
19,181
19,179
19,176
19,173
19,171
19,168
19,165
19,162
19,160
19,157
19,154
19,152
19,149
19,146
19,144
19,141
19,138
19,135
19,133
19,130
19,127
19,122
19,119
19,116
19,114
19,111
19,108
19,106
19,102
19,99
19,96
19,94
19,91
19,88
19,86
19,83
19,80
1,45
3,44
2,44
1,44
3,43
2,43
1,43
3,42
2,42
1,42
3,41
2,41
1,41
3,40
2,40
1,40
3,39
2,39
1,39
3,38
2,38
1,38
3,37
2,37
1,37
3,36
2,36
1,36
3,35
2,35
1,35
3,34
2,34
1,34
3,33
2,33
1,33
3,32
2,32
1,32
3,31
2,31
1,31
3,30
2,30
1,30
3,29
2,29
1,29
3,28
2,28
1,28
3,27
2,27
1,27
3,26
2,26
1,26
3,25
2,25
1,25
3,24
2,24
1,24
3,23
2,23
1,23
3,22
2,22
1,22
3,21
2,21
1,21
3,20
2,20
1,20
3,19
2,19
1,19
3,18
2,18
1,18
3,17
2,17
1,17
3,16
2,16
1,16
3,15
2,15
1,15
3,14
2,14
1,14
3,13
2,13
1,13
3,12
2,12
1,12
3,11
2,11
1,11
3,10
2,10
1,10
3,9
2,9
1,9
3,8
2,8
1,8
3,7
2,7
1,7
3,6
2,6
1,6
3,5
2,5
1,5
3,4
2,4
1,4
3,3
3,0
2,3
2,0
1,3
1,0
0,6
0,0
0,47
0,46
0,49
0,48
0,45
0,12
0,10
0,8
0,11
0,5
0,7
0,4
0,3
